10
4
4
1
124
109 31
196 38
197 15
116 21
219 24
38 9
236 9
206 20
203 11
233 8
207 13
68 18
81 13
237 11
17 11
11 14
194 9
182 10
115 9
43 8
131 8
213 8
255 30
208 16
169 16
29 19
61 14
227 9
39 14
66 8
121 16
95 21
86 8
229 8
134 13
202 14
26 12
79 12
230 8
140 18
62 21
118 11
245 12
215 14
155 14
122 19
171 8
144 19
73 12
47 8
183 13
53 10
136 17
82 14
28 9
246 12
12 10
223 13
18 9
65 9
210 13
254 12
55 9
166 13
170 9
148 9
1 8
24 18
199 10
89 8
139 19
22 11
50 9
163 11
15 14
243 8
164 12
211 9
195 9
188 10
14 13
235 21
46 14
45 11
21 8
105 20
209 10
41 12
248 10
56 14
112 13
238 12
177 11
186 9
187 13
253 13
241 8
88 18
119 11
76 12
242 13
96 14
99 8
37 17
179 10
80 13
25 8
19 12
224 17
123 10
108 9
104 14
167 12
165 14
77 12
100 10
154 10
30 12
103 8
87 8
35 26
102 8
13 11
64 10
4
2
177
3
245
1
1
221 14
4
4
2
118
