1024
3
35
2
31
4
3
35
1
213
45 78
37 1292
232 2088
214 825
33 146
189 152
115 112
23 83
255 25
207 91
76 18
87 14
8 22
197 13
176 9
15 12
172 14
63 12
247 14
198 8
85 14
170 17
99 13
210 10
19 10
10 11
132 13
108 10
235 9
66 13
195 12
144 13
65 12
228 14
22 14
167 8
9 13
237 11
125 8
243 9
11 23
220 11
230 21
114 11
186 9
179 12
145 8
156 22
139 14
29 8
58 12
154 8
187 26
96 12
103 8
209 16
46 15
152 17
83 8
71 14
240 14
100 20
141 8
48 22
253 12
215 10
239 12
216 8
225 8
153 28
118 10
221 8
182 16
98 15
150 11
146 20
12 9
223 8
122 12
18 8
148 12
130 12
233 8
86 29
70 8
73 23
109 15
164 19
138 12
242 13
59 13
131 11
204 11
206 13
88 8
161 18
53 8
5 12
77 20
49 10
250 13
134 10
149 13
80 12
60 9
126 14
181 9
159 13
137 12
16 13
112 10
245 13
104 11
199 12
190 11
177 12
128 14
162 14
26 10
13 14
202 12
28 8
165 19
226 8
42 19
24 13
106 12
200 11
129 8
168 12
57 13
252 9
31 15
241 8
251 30
84 13
107 13
116 14
94 12
184 12
50 10
41 10
52 11
1 12
68 14
136 11
246 11
180 8
121 10
166 15
101 9
56 16
54 13
124 9
39 15
105 10
32 16
38 19
140 9
27 12
212 8
213 15
51 21
169 10
34 12
217 14
61 12
78 8
249 19
91 11
3 11
119 13
17 10
158 13
238 10
143 11
174 9
123 8
254 16
222 18
127 11
196 14
74 14
93 12
205 12
21 12
40 14
244 13
4 14
92 11
113 12
97 8
7 10
75 21
30 9
102 9
72 13
89 9
6 14
135 10
194 11
62 9
47 11
111 10
224 12
81 12
43 9
120 10
110 13
234 13
133 14
55 9
191 10
2
13
2
107
4
2
162
4
3
94
3
250
1
1
36 12
4
1
1
193 9
4
3
123
2
172
3
104
1
1
82 10
4
2
97
3
109
3
101
2
232
4
4
1
1
69 38
2
27
4
3
212
2
216
2
139
3
237
1
1
151 14
4
3
141
4
2
172
2
135
2
199
2
239
2
144
4
1
1
109 9
4
2
245
2
50
2
73
2
12
4
4
4
2
172
3
164
4
1
1
117 8
1
1
44 10
3
7
3
187
4
4
1
2
237 29
171 8
3
222
1
1
229 18
3
150
2
217
4
2
204
2
174
2
6
4
2
121
3
161
3
23
4
2
10
2
168
1
8
95 14
203 20
79 13
142 10
212 10
248 9
147 9
141 11
2
22
2
206
3
38
2
148
1
1
20 13
3
149
1
1
90 9
2
26
2
220
4
4
3
141
4
2
124
4
2
217
1
1
250 17
4
2
171
3
148
2
205
2
242
2
89
1
1
101 11
2
209
2
47
4
3
126
3
128
4
2
113
4
2
162
4
4
2
255
2
203
4
4
4
2
136
2
142
4
3
44
3
189
3
12
1
1
126 139
1
2
236 11
2 14
3
214
4
4
4
1
9
163 438
173 220
185 102
35 16
188 10
23 19
150 11
187 14
157 13
4
2
202
4
4
2
146
2
233
3
121
4
3
37
4
4
3
241
1
20
219 760
121 160
241 63
192 24
175 24
37 44
222 8
7 16
149 25
208 10
214 13
155 9
44 11
141 13
123 9
231 10
64 11
218 9
227 9
94 8
2
62
2
81
1
1
148 11
4
4
4
3
193
2
122
4
4
2
140
1
1
211 8
2
157
2
254
2
39
4
4
4
4
3
144
3
247
3
180
3
85
4
2
206
1
4
189 8
85 11
247 22
160 14
4
3
174
3
56
1
1
67 14
1
1
201 12
4
3
51
4
3
148
3
202
3
19
3
246
4
1
5
38 10
161 22
164 11
202 14
246 13
4
4
3
109
1
1
104 12
4
2
168
3
169
1
1
169 14
3
131
3
253
3
79
2
61
3
245
1
1
144 9
3
83
3
54
2
106
4
2
162
1
3
245 21
109 21
12 16
4
3
32
3
248
2
92
1
1
193 8
1
1
178 12
3
196
3
115
4
1
5
54 61
174 18
128 20
32 9
51 11
3
139
1
1
83 14
3
237
1
1
248 23
4
4
3
228
2
6
3
178
2
198
1
1
56 10
2
150
4
3
225
2
208
2
209
4
4
1
2
148 9
25 12
2
66
2
50
3
32
4
3
50
2
77
1
1
225 9
4
3
203
1
1
79 11
4
2
51
2
77
4
1
1
14 13
2
17
3
75
1
1
183 16
2
208
2
37
2
124
4
2
236
4
1
1
180 9
4
3
198
2
92
2
208
4
3
207
3
66
3
152
1
2
50 17
198 50
1
1
178 10
3
163
1
15
152 190
196 19
163 9
203 30
19 14
237 9
75 11
253 13
207 11
131 9
32 14
228 13
115 11
66 14
139 10
3
62
2
138
3
27
1
1
27 27
4
1
1
62 9
3
78
2
219
1
1
78 13
2
126
2
227
3
100
1
1
100 14
3
235
2
247
4
3
14
1
2
235 18
14 20
2
140
2
151
4
2
32
4
3
189
4
2
68
1
1
189 16
4
4
3
42
1
1
42 19
3
117
2
125
3
238
1
1
238 8
3
95
1
1
95 8
2
152
2
33
1
1
117 13
4
4
2
180
4
3
104
1
1
104 14
4
2
98
3
179
3
155
1
1
179 8
1
1
155 11
2
253
4
3
67
3
26
3
79
1
1
67 18
1
1
26 9
2
157
3
30
1
1
79 14
2
1
4
1
1
30 12
3
193
4
4
4
1
1
193 16
4
3
25
1
1
25 11
4
3
242
1
1
242 11
3
32
2
62
3
18
4
3
100
4
3
160
2
200
4
2
201
2
101
1
2
160 36
32 17
4
3
237
2
232
4
2
69
3
199
3
116
1
1
100 13
1
1
18 13
4
1
1
199 8
4
4
3
41
1
1
41 8
3
253
4
3
167
2
252
2
103
2
131
4
2
128
1
1
253 12
1
1
167 12
4
4
3
232
1
2
232 934
237 889
2
101
1
1
116 80
2
81
4
2
83
2
36
2
171
2
92
4
4
2
219
4
3
106
2
40
1
1
106 93
2
75
3
115
1
1
115 66
3
135
3
40
3
22
1
1
40 13
4
1
1
135 46
4
1
1
22 8
2
127
4
4
2
163
4
4
3
13
1
1
13 19
2
184
2
244
4
3
124
3
106
2
169
4
4
3
151
2
166
1
3
106 85
124 20
151 9
2
210
4
2
180
4
2
203
3
83
3
178
3
218
3
81
1
1
81 10
4
3
30
1
3
218 18
178 14
83 21
1
1
30 9
2
216
2
8
3
228
4
1
1
228 8
3
255
3
105
2
164
2
153
3
102
1
1
105 11
1
1
255 8
1
1
102 9
3
190
4
1
1
190 26
4
2
226
2
255
4
4
4
3
138
3
210
3
236
4
4
1
1
138 22
1
2
236 16
210 8
4
3
160
4
1
1
160 32
2
89
4
3
230
2
232
3
180
1
1
180 14
4
1
1
230 13
2
214
2
247
4
4
4
4
4
2
57
3
151
1
1
151 28
4
3
196
3
86
2
181
1
2
196 10
86 10
2
232
3
98
1
1
98 10
2
244
3
178
3
67
4
2
47
1
2
178 47
67 30
2
40
4
4
2
85
4
3
30
1
1
30 10
2
115
2
57
3
251
1
1
251 14
3
153
1
1
153 24
2
184
4
2
105
3
22
3
53
2
151
1
1
22 17
3
169
3
92
3
202
3
66
1
1
66 9
4
2
9
3
139
3
104
3
98
4
4
1
2
139 15
92 92
3
29
3
155
2
221
3
172
4
1
2
155 9
98 17
2
64
2
20
3
201
3
69
1
1
29 17
1
1
172 14
2
68
4
3
229
1
1
229 22
1
1
201 9
2
64
3
12
2
213
1
1
53 13
4
3
174
2
203
1
1
174 8
3
81
2
211
2
207
3
149
4
2
58
3
232
2
160
1
3
202 37
104 705
81 144
4
3
45
4
4
2
88
1
4
12 52
232 68
169 30
69 20
3
230
2
91
2
145
1
1
45 13
3
141
2
86
2
58
1
1
149 11
2
174
3
7
4
1
1
141 12
2
75
4
3
155
2
224
3
146
4
1
2
146 15
230 11
3
221
2
122
4
1
1
7 14
4
2
2
2
8
4
3
82
1
1
155 14
3
115
1
3
82 36
115 11
221 8
3
6
3
93
2
76
4
1
1
93 27
2
183
3
243
1
1
6 12
2
147
2
224
2
203
4
3
160
2
240
1
1
243 17
4
1
1
160 8
3
178
3
54
4
3
244
4
1
2
244 23
54 63
2
181
4
2
53
3
186
2
240
3
213
3
169
2
104
3
155
2
102
4
4
1
3
213 17
169 82
186 13
4
2
133
2
233
3
13
3
50
1
1
178 15
2
38
1
1
13 22
3
123
1
1
50 11
2
103
4
4
2
89
2
124
3
35
2
48
2
160
2
27
1
1
35 10
4
4
3
26
3
148
2
18
1
1
148 8
3
62
2
140
3
251
1
1
155 14
4
1
1
251 38
3
204
4
2
236
2
79
1
1
123 20
4
3
165
3
111
2
44
2
50
1
1
204 19
4
4
4
1
1
111 11
3
21
4
4
4
3
253
4
1
1
21 9
4
1
1
165 10
4
4
4
3
14
2
166
1
1
26 19
2
158
3
88
4
4
4
4
4
4
4
3
129
4
2
51
3
3
4
4
3
75
3
68
2
196
3
202
1
2
88 19
202 13
1
1
129 11
3
170
1
1
253 29
3
205
2
237
1
1
14 22
2
31
4
1
2
170 10
68 8
4
3
35
4
2
120
1
1
62 12
3
15
2
69
2
88
1
1
35 10
4
4
2
52
3
99
3
90
3
232
2
201
1
1
75 40
3
173
4
1
1
99 49
2
221
1
1
90 224
2
71
1
1
205 14
2
139
4
4
2
8
3
184
2
193
1
1
3 12
3
12
4
3
60
4
4
1
2
232 24
12 39
4
4
2
119
4
3
254
2
101
1
1
173 12
4
3
78
2
172
4
3
52
4
3
154
2
219
4
1
2
52 24
254 16
2
230
4
3
230
1
1
15 8
2
223
2
117
4
2
162
2
53
2
57
3
55
3
252
3
90
2
155
4
2
67
4
1
7
90 167
55 20
184 10
252 8
78 13
154 12
230 13
4
3
151
3
145
2
170
1
1
60 30
2
118
2
175
3
49
2
236
3
158
3
181
2
71
3
113
4
3
114
3
169
3
75
3
62
1
3
151 13
169 36
49 21
1
5
75 12
62 14
113 13
181 12
145 12
1
1
158 65
3
218
1
1
218 8
2
147
1
1
114 10
2
233
4
2
241
2
227
2
63
4
2
218
3
146
2
133
2
247
1
1
146 10
4
2
166
4
2
117
3
212
2
241
4
1
1
212 15
4
3
44
1
1
44 8
3
4
2
229
4
1
1
4 11
3
101
4
1
1
101 23
4
2
230
3
157
3
179
1
1
157 11
3
84
1
1
179 9
4
2
164
3
178
2
197
4
1
2
84 8
178 13
3
204
3
86
4
1
2
86 11
204 28
2
145
2
214
2
107
4
3
163
4
1
1
163 9
2
37
3
169
2
50
4
2
30
1
1
169 32
3
98
1
1
98 21
3
19
4
2
224
4
2
127
1
1
19 22
2
229
4
3
98
2
16
2
11
3
117
2
20
2
100
4
4
2
74
1
2
117 17
98 9
4
4
3
160
4
3
106
1
2
160 35
106 30
4
2
16
4
3
241
2
64
2
151
1
1
241 10
3
233
1
1
233 18
3
87
4
4
2
185
1
1
87 41
2
136
2
202
2
70
3
96
4
2
230
2
169
2
109
1
1
96 25
2
106
3
108
1
1
108 10
2
95
4
4
4
3
81
1
1
81 49
4
3
223
2
154
1
1
223 11
3
252
3
144
3
183
4
4
2
138
4
1
1
144 39
4
1
2
183 53
252 18
4
2
72
3
115
4
2
35
2
222
1
1
115 22
4
2
93
4
4
3
169
4
1
1
169 9
2
36
4
2
119
3
72
1
1
72 13
3
60
3
83
3
156
1
1
60 10
2
146
4
3
16
2
10
3
58
2
104
1
2
156 41
83 28
4
3
62
1
2
58 10
62 11
2
75
3
3
1
1
16 13
3
7
2
54
4
4
4
3
36
4
2
184
1
2
7 27
3 14
2
39
4
4
2
117
3
168
1
1
36 8
3
176
2
144
